instrument=MN39294
position=
flow_cell_id=AQX803
sample_id=AAA444
protocol_group_id=03_05_Twist_450bp
protocol=sequencing/sequencing_MIN114_DNA_e8_2_400K:FLO-FLG114:SQK-LSK114:400
protocol_run_id=2157fa9f-f7c6-4373-bb67-9709385fa064
acquisition_run_id=5486f7ca40c4021503e6070a75850348a4091a41
started=2024-03-05T16:08:35.549933+02:00
acquisition_stopped=2024-03-06T09:49:45.432576+02:00
processing_stopped=2024-03-06T09:49:51.385758+02:00
basecalling_enabled=1
sequencing_summary_file=sequencing_summary_AQX803_2157fa9f_5486f7ca.txt
fast5_files_in_final_dest=100
fast5_files_in_fallback=0
pod5_files_in_final_dest=0
pod5_files_in_fallback=0
fastq_files_in_final_dest=101
fastq_files_in_fallback=0
