instrument=MN39294
position=
flow_cell_id=ARI562
sample_id=AAA444
protocol_group_id=01_29_RE_lig
protocol=sequencing/sequencing_MIN114_DNA_e8_2_400K:FLO-FLG114:SQK-LSK114:400
protocol_run_id=606caa21-b485-4118-a314-9b12fe7a3ca9
acquisition_run_id=cca5ce4695447c5e91223c0e64407330c53915c8
started=2024-01-29T14:53:28.172059+02:00
acquisition_stopped=2024-01-30T09:39:10.072366+02:00
processing_stopped=2024-01-30T09:39:17.123110+02:00
basecalling_enabled=1
sequencing_summary_file=sequencing_summary_ARI562_606caa21_cca5ce46.txt
fast5_files_in_final_dest=43
fast5_files_in_fallback=0
pod5_files_in_final_dest=0
pod5_files_in_fallback=0
fastq_files_in_final_dest=43
fastq_files_in_fallback=0
